Sspon.008A0000030	Sspon.08G0000010-1A	100.000	600	0	0	1	600	1	600	0.0	1109
Sspon.008A0000050	Sspon.08G0002050-1A	100.000	2094	0	0	1	2094	1	2094	0.0	3868
Sspon.008A0000050	Sspon.08G0002050-1P	100.000	2088	0	0	1	2088	1	2088	0.0	3856
Sspon.008A0000050	Sspon.08G0002050-2D	99.856	2088	3	0	1	2088	1	2088	0.0	3840
Sspon.008A0000050	Sspon.08G0002050-2P	99.808	2085	4	0	1	2085	1	2085	0.0	3829
Sspon.008A0000051	Sspon.08G0002060-3D	95.238	315	0	2	1	300	1	315	2.98e-136	484
Sspon.008A0000051	Sspon.08G0002060-1A	90.252	318	7	6	1	300	1	312	5.17e-109	394
Sspon.008A0000080	Sspon.08G0000050-1A	100.000	900	0	0	1	900	1135	2034	0.0	1663
Sspon.008A0000080	Sspon.08G0000020-1A	100.000	900	0	0	1	900	1	900	0.0	1663
Sspon.008A0000080	Sspon.08G0000050-3C	99.556	900	4	0	1	900	1135	2034	0.0	1640
Sspon.008A0000080	Sspon.08G0000050-2B	99.556	900	4	0	1	900	1135	2034	0.0	1640
Sspon.008A0000081	Sspon.08G0000030-1A	100.000	1227	0	0	1	1227	1	1227	0.0	2266
Sspon.008A0000082	Sspon.08G0000040-1A	100.000	3483	0	0	1	3483	1	3483	0.0	6433
Sspon.008A0000110	Sspon.08G0000050-1A	100.000	2034	0	0	1	2034	1	2034	0.0	3757
Sspon.008A0000110	Sspon.08G0000050-2B	99.164	2034	17	0	1	2034	1	2034	0.0	3663
Sspon.008A0000110	Sspon.08G0000050-3C	99.115	2034	18	0	1	2034	1	2034	0.0	3657
Sspon.008A0000130	Sspon.08G0000060-1A	100.000	2391	0	0	1	2391	1	2391	0.0	4416
Sspon.008A0000131	Sspon.08G0000070-1A	100.000	1986	0	0	1	1986	1	1986	0.0	3668
Sspon.008A0000140	Sspon.08G0000080-1A	100.000	246	0	0	1	246	1	246	1.88e-127	455
Sspon.008A0000161	Sspon.08G0000090-1A	100.000	1044	0	0	1	1044	1	1044	0.0	1929
Sspon.008A0000161	Sspon.08G0000090-4D	99.045	1047	7	1	1	1044	1	1047	0.0	1875
Sspon.008A0000161	Sspon.08G0000090-2B	97.217	1042	7	5	1	1033	1	1029	0.0	1744
Sspon.008A0000161	Sspon.08G0000090-3C	97.110	1038	9	3	1	1026	1	1029	0.0	1731
Sspon.008A0000162	Sspon.08G0000100-1A	100.000	303	0	0	1	303	1	303	4.87e-159	560
Sspon.008A0000162	Sspon.08G0000100-2B	99.671	304	0	1	1	303	1	304	2.26e-157	555
Sspon.008A0000162	Sspon.08G0000100-4D	98.684	304	3	1	1	303	1	304	2.28e-152	538
Sspon.008A0000162	Sspon.08G0000130-1A	99.660	294	0	1	1	293	1	294	8.20e-152	536
Sspon.008A0000163	Sspon.08G0000110-1A	100.000	1578	0	0	1	1578	1	1578	0.0	2915
Sspon.008A0000163	Sspon.08G0000110-1T	99.937	1578	1	0	1	1578	100	1677	0.0	2909
Sspon.008A0000163	Sspon.08G0000110-2B	99.809	1570	3	0	1	1570	100	1669	0.0	2883
Sspon.008A0000163	Sspon.08G0000110-3C	100.000	1482	0	0	1	1482	100	1581	0.0	2737
Sspon.008A0000164	Sspon.08G0000120-1A	100.000	393	0	0	1	393	1	393	0.0	726
Sspon.008A0000165	Sspon.08G0000130-1A	100.000	411	0	0	1	411	1	411	0.0	760
Sspon.008A0000166	Sspon.08G0000110-1T	100.000	1677	0	0	1	1677	1	1677	0.0	3097
Sspon.008A0000166	Sspon.08G0000110-2B	99.880	1669	2	0	1	1669	1	1669	0.0	3072
Sspon.008A0000166	Sspon.08G0000110-3C	100.000	1581	0	0	1	1581	1	1581	0.0	2920
Sspon.008A0000166	Sspon.08G0000110-1A	99.937	1578	1	0	100	1677	1	1578	0.0	2909
Sspon.008A0000200	Sspon.08G0000210-1P	100.000	513	0	0	1	513	1	513	0.0	948
Sspon.008A0000200	Sspon.08G0000210-2P	98.403	501	2	1	13	513	1	495	0.0	876
Sspon.008A0000200	Sspon.08G0000210-1A	96.190	525	2	2	1	513	1	519	0.0	843
Sspon.008A0000200	Sspon.08G0000210-2C	96.000	525	2	3	1	513	1	518	0.0	835
Sspon.008A0000201	Sspon.08G0000200-1P	100.000	2010	0	0	1	2010	1	2010	0.0	3712
Sspon.008A0000201	Sspon.08G0000200-1A	99.407	2022	0	2	1	2010	1	2022	0.0	3657
Sspon.008A0000201	Sspon.08G0000200-2P	99.206	2016	1	2	1	2010	1	2007	0.0	3620
Sspon.008A0000201	Sspon.08G0000200-2C	98.764	2022	1	3	1	2010	1	2010	0.0	3574
Sspon.008A0000202	Sspon.08G0000140-1A	100.000	849	0	0	1	849	1	849	0.0	1568
Sspon.008A0000202	Sspon.08G0000140-2P	99.764	849	2	0	1	849	1	849	0.0	1557
Sspon.008A0000202	Sspon.08G0000140-2C	99.181	855	1	1	1	849	1	855	0.0	1535
Sspon.008A0000203	Sspon.08G0000190-1P	100.000	2331	0	0	1	2331	1	2331	0.0	4305
Sspon.008A0000203	Sspon.08G0000190-1A	99.643	2244	8	0	1	2244	328	2571	0.0	4100
Sspon.008A0000203	Sspon.08G0000190-1T	100.000	2104	0	0	1	2104	352	2455	0.0	3886
Sspon.008A0000205	Sspon.08G0000180-1A	100.000	3048	0	0	1	3048	1	3048	0.0	5629
Sspon.008A0000205	Sspon.08G0000150-1A	100.000	3048	0	0	1	3048	1	3048	0.0	5629
Sspon.008A0000206	Sspon.08G0000160-1A	100.000	756	0	0	1	756	1	756	0.0	1397
Sspon.008A0000206	Sspon.08G0000160-1P	99.603	756	3	0	1	756	1	756	0.0	1380
Sspon.008A0000206	Sspon.08G0000160-2P	99.081	762	1	1	1	756	1	762	0.0	1363
Sspon.008A0000209	Sspon.08G0000170-1A	100.000	855	0	0	1	855	1	855	0.0	1580
Sspon.008A0000210	Sspon.08G0000180-1A	100.000	3048	0	0	1	3048	1	3048	0.0	5629
Sspon.008A0000210	Sspon.08G0000150-1A	100.000	3048	0	0	1	3048	1	3048	0.0	5629
Sspon.008A0000290	Sspon.08G0000160-1P	100.000	756	0	0	1	756	1	756	0.0	1397
Sspon.008A0000290	Sspon.08G0000160-1A	99.603	756	3	0	1	756	1	756	0.0	1380
Sspon.008A0000290	Sspon.08G0000160-2P	99.081	762	1	1	1	756	1	762	0.0	1363
Sspon.008A0000310	Sspon.08G0000190-1A	100.000	2820	0	0	1	2820	1	2820	0.0	5208
Sspon.008A0000311	Sspon.08G0000140-2P	100.000	849	0	0	1	849	1	849	0.0	1568
Sspon.008A0000311	Sspon.08G0000140-1A	99.764	849	2	0	1	849	1	849	0.0	1557
Sspon.008A0000311	Sspon.08G0000140-2C	99.064	855	2	2	1	849	1	855	0.0	1530
Sspon.008A0000312	Sspon.08G0000200-1A	100.000	2022	0	0	1	2022	1	2022	0.0	3735
Sspon.008A0000312	Sspon.08G0000200-1P	99.407	2022	0	2	1	2022	1	2010	0.0	3657
Sspon.008A0000312	Sspon.08G0000200-2C	99.357	2022	1	1	1	2022	1	2010	0.0	3651
Sspon.008A0000312	Sspon.08G0000200-2P	98.619	2028	1	3	1	2022	1	2007	0.0	3565
Sspon.008A0000313	Sspon.08G0000210-1A	100.000	519	0	0	1	519	1	519	0.0	959
Sspon.008A0000313	Sspon.08G0000210-2C	99.615	519	1	1	1	519	1	518	0.0	946
Sspon.008A0000313	Sspon.08G0000210-2P	97.239	507	2	1	13	519	1	495	0.0	848
Sspon.008A0000313	Sspon.08G0000210-1P	96.190	525	2	2	1	519	1	513	0.0	843
Sspon.008A0000314	Sspon.08G0000220-1A	100.000	5457	0	0	1	5457	1	5457	0.0	10078
Sspon.008A0000317	Sspon.08G0000190-1T	100.000	2628	0	0	1	2628	1	2628	0.0	4854
Sspon.008A0000317	Sspon.08G0000190-1A	98.574	2455	11	3	1	2455	1	2431	0.0	4318
Sspon.008A0000318	Sspon.08G0000160-2P	100.000	762	0	0	1	762	1	762	0.0	1408
Sspon.008A0000318	Sspon.08G0000160-1P	99.081	762	1	1	1	762	1	756	0.0	1363
Sspon.008A0000318	Sspon.08G0000160-1A	99.081	762	1	1	1	762	1	756	0.0	1363
Sspon.008A0000319	Sspon.08G0000180-1A	98.917	3048	3	2	1	3018	1	3048	0.0	5419
Sspon.008A0000319	Sspon.08G0000150-1A	98.917	3048	3	2	1	3018	1	3048	0.0	5419
Sspon.008A0000400	Sspon.08G0000220-1P	100.000	2997	0	0	1	2997	1	2997	0.0	5535
Sspon.008A0000403	Sspon.08G0000230-1A	100.000	306	0	0	1	306	1	306	1.06e-160	566
Sspon.008A0000403	Sspon.08G0000230-2C	96.835	316	0	1	1	306	1	316	8.35e-147	520
Sspon.008A0000430	Sspon.08G0000240-1A	100.000	534	0	0	1	534	1	534	0.0	987
Sspon.008A0000430	Sspon.08G0000240-1P	100.000	534	0	0	1	534	1	534	0.0	987
Sspon.008A0000430	Sspon.08G0000260-2C	98.207	502	8	1	33	534	22	522	0.0	876
Sspon.008A0000430	Sspon.08G0000260-1A	98.008	502	9	1	33	534	22	522	0.0	870
Sspon.008A0000431	Sspon.08G0000350-2P	100.000	1833	0	0	1	1833	1	1833	0.0	3386
Sspon.008A0000431	Sspon.08G0000350-1A	98.706	1854	3	2	1	1833	1	1854	0.0	3271
Sspon.008A0000431	Sspon.08G0000350-1P	98.434	1852	8	2	1	1831	1	1852	0.0	3240
Sspon.008A0000432	Sspon.08G0000250-1P	100.000	1110	0	0	1	1110	1	1110	0.0	2050
Sspon.008A0000432	Sspon.08G0000250-1A	99.506	1012	5	0	1	1012	1	1012	0.0	1842
Sspon.008A0000433	Sspon.08G0000260-1A	100.000	1674	0	0	1	1674	1	1674	0.0	3092
Sspon.008A0000433	Sspon.08G0000260-2C	99.631	1628	6	0	1	1628	1	1628	0.0	2974
Sspon.008A0000433	Sspon.08G0000240-1A	99.159	1546	12	1	22	1566	33	1578	0.0	2782
Sspon.008A0000434	Sspon.08G0000270-1A	100.000	1800	0	0	1	1800	1	1800	0.0	3325
Sspon.008A0000460	Sspon.08G0000280-1A	100.000	1074	0	0	1	1074	1	1074	0.0	1984
Sspon.008A0000460	Sspon.08G0000280-2P	98.510	1074	16	0	1	1074	1	1074	0.0	1895
Sspon.008A0000461	Sspon.08G0000290-1A	100.000	1998	0	0	1	1998	1	1998	0.0	3690
Sspon.008A0000480	Sspon.08G0000300-1A	100.000	321	0	0	1	321	1	321	5.11e-169	593
Sspon.008A0000481	Sspon.08G0000310-1A	100.000	2472	0	0	1	2472	1	2472	0.0	4566
Sspon.008A0000500	Sspon.08G0000320-1A	100.000	393	0	0	1	393	1	393	0.0	726
Sspon.008A0000500	Sspon.08G0000320-2C	98.982	393	4	0	1	393	1	393	0.0	704
Sspon.008A0000510	Sspon.08G0000330-1A	100.000	1266	0	0	1	1266	1	1266	0.0	2338
Sspon.008A0000510	Sspon.08G0000330-2C	99.289	1266	9	0	1	1266	1	1266	0.0	2289
Sspon.008A0000510	Sspon.08G0000330-1P	99.760	1248	3	0	1	1248	1	1248	0.0	2289
Sspon.008A0000511	Sspon.08G0000340-1A	100.000	390	0	0	1	390	1	390	0.0	721
Sspon.008A0000530	Sspon.08G0000240-1A	100.000	1689	0	0	1	1689	1	1689	0.0	3120
Sspon.008A0000530	Sspon.08G0000260-1A	99.159	1546	12	1	33	1578	22	1566	0.0	2782
Sspon.008A0000530	Sspon.08G0000260-2C	99.094	1546	13	1	33	1578	22	1566	0.0	2776
Sspon.008A0000531	Sspon.08G0000250-1A	100.000	1143	0	0	1	1143	1	1143	0.0	2111
Sspon.008A0000532	Sspon.08G0000350-1A	100.000	1854	0	0	1	1854	1	1854	0.0	3424
Sspon.008A0000532	Sspon.08G0000350-1P	99.730	1852	5	0	1	1852	1	1852	0.0	3393
Sspon.008A0000532	Sspon.08G0000350-2P	98.706	1854	3	2	1	1854	1	1833	0.0	3271
Sspon.008A0000533	Sspon.08G0000270-1P	100.000	2127	0	0	1	2127	1	2127	0.0	3928
Sspon.008A0000540	Sspon.08G0000280-2P	100.000	1074	0	0	1	1074	1	1074	0.0	1984
Sspon.008A0000540	Sspon.08G0000280-1A	98.510	1074	16	0	1	1074	1	1074	0.0	1895
Sspon.008A0000541	Sspon.08G0000290-1P	100.000	1524	0	0	1	1524	1	1524	0.0	2815
Sspon.008A0000560	Sspon.08G0000310-1P	100.000	2706	0	0	1	2706	1	2706	0.0	4998
Sspon.008A0000561	Sspon.08G0000330-1P	100.000	1248	0	0	1	1248	1	1248	0.0	2305
Sspon.008A0000561	Sspon.08G0000330-1A	99.760	1248	3	0	1	1248	1	1248	0.0	2289
Sspon.008A0000561	Sspon.08G0000330-2C	99.199	1248	10	0	1	1248	1	1248	0.0	2250
Sspon.008A0000563	Sspon.08G0000360-1A	100.000	828	0	0	1	828	1	828	0.0	1530
Sspon.008A0000580	Sspon.08G0000280-1P	100.000	537	0	0	1	537	1	537	0.0	992
Sspon.008A0000580	Sspon.08G0000280-2C	99.628	537	2	0	1	537	1	537	0.0	981
Sspon.008A0000580	Sspon.08G0000280-3P	99.628	537	2	0	1	537	1	537	0.0	981
Sspon.008A0000580	Sspon.08G0000280-1A	99.185	491	4	0	1	491	1	491	0.0	885
Sspon.008A0000580	Sspon.08G0000280-2P	98.982	491	5	0	1	491	1	491	0.0	880
Sspon.008A0000581	Sspon.08G0000270-2P	100.000	2016	0	0	1	2016	1	2016	0.0	3723
Sspon.008A0000582	Sspon.08G0000350-1P	100.000	1854	0	0	1	1854	1	1854	0.0	3424
Sspon.008A0000582	Sspon.08G0000350-1A	99.730	1852	5	0	1	1852	1	1852	0.0	3393
Sspon.008A0000582	Sspon.08G0000350-2P	98.434	1852	8	2	1	1852	1	1831	0.0	3240
Sspon.008A0000583	Sspon.08G0000250-2P	100.000	480	0	0	1	480	1	480	0.0	887
Sspon.008A0000600	Sspon.08G0000340-2P	100.000	1209	0	0	1	1209	1	1209	0.0	2233
Sspon.008A0000600	Sspon.08G0000340-1P	97.064	1192	7	3	1	1165	1	1191	0.0	1982
Sspon.008A0000601	Sspon.08G0000370-1A	100.000	3564	0	0	1	3564	1	3564	0.0	6582
Sspon.008A0000602	Sspon.08G0000380-1A	100.000	3102	0	0	1	3102	1	3102	0.0	5729
Sspon.008A0000602	Sspon.08G0000380-3C	99.579	3089	13	0	1	3089	1	3089	0.0	5633
Sspon.008A0000660	Sspon.08G0000390-1P	100.000	186	0	0	1	186	1	186	3.11e-94	344
Sspon.008A0000660	Sspon.08G0000390-2B	100.000	182	0	0	1	182	4216	4397	5.21e-92	337
Sspon.008A0000660	Sspon.08G0000390-1A	100.000	182	0	0	1	182	1522	1703	5.21e-92	337
Sspon.008A0000660	Sspon.08G0000390-3C	99.451	182	1	0	1	182	4684	4865	2.42e-90	331
Sspon.008A0000661	Sspon.08G0000400-1A	100.000	1200	0	0	1	1200	1	1200	0.0	2217
Sspon.008A0000661	Sspon.08G0000400-2B	99.750	1200	3	0	1	1200	1	1200	0.0	2200
Sspon.008A0000661	Sspon.08G0000400-1P	99.417	1200	7	0	1	1200	1	1200	0.0	2178
Sspon.008A0000661	Sspon.08G0000400-3C	97.500	1200	3	10	1	1200	1	1173	0.0	2025
Sspon.008A0000662	Sspon.08G0000410-1P	100.000	3354	0	0	1	3354	1	3354	0.0	6194
Sspon.008A0000662	Sspon.08G0000410-3C	98.753	3369	24	3	1	3354	103	3468	0.0	5973
Sspon.008A0000662	Sspon.08G0000410-2P	99.584	3123	13	0	232	3354	1	3123	0.0	5696
Sspon.008A0000663	Sspon.08G0000420-1A	100.000	717	0	0	1	717	1	717	0.0	1325
Sspon.008A0000690	Sspon.08G0000430-1A	100.000	1716	0	0	1	1716	1	1716	0.0	3169
Sspon.008A0000690	Sspon.08G0000430-2B	99.526	1686	8	0	31	1716	1	1686	0.0	3070
Sspon.008A0000690	Sspon.08G0000430-2P	99.407	1686	7	2	31	1716	1	1683	0.0	3055
Sspon.008A0000690	Sspon.08G0000430-3C	99.170	1686	14	0	31	1716	1	1686	0.0	3037
Sspon.008A0000690	Sspon.08G0000430-1P	98.754	1686	21	0	31	1716	1	1686	0.0	2998
Sspon.008A0000700	Sspon.08G0000440-1A	100.000	981	0	0	1	981	1	981	0.0	1812
Sspon.008A0000700	Sspon.08G0000440-1P	98.879	981	11	0	1	981	1	981	0.0	1751
Sspon.008A0000700	Sspon.08G0000440-2B	98.962	963	7	1	1	960	1	963	0.0	1720
Sspon.008A0000700	Sspon.08G0000440-3C	97.598	999	6	2	1	981	1	999	0.0	1696
Sspon.008A0000710	Sspon.08G0000450-1P	100.000	768	0	0	1	768	1	768	0.0	1419
Sspon.008A0000720	Sspon.08G0000460-1A	100.000	1098	0	0	1	1098	1	1098	0.0	2028
Sspon.008A0000720	Sspon.08G0000460-2B	97.939	1116	5	2	1	1098	1	1116	0.0	1917
Sspon.008A0000721	Sspon.08G0000470-1A	100.000	441	0	0	1	441	1	441	0.0	815
Sspon.008A0000722	Sspon.08G0000390-1A	100.000	2583	0	0	1	2583	1	2583	0.0	4771
Sspon.008A0000722	Sspon.08G0000390-3C	98.607	2585	23	6	1	2583	3172	5745	0.0	4562
Sspon.008A0000724	Sspon.08G0000480-1A	100.000	1272	0	0	1	1272	1	1272	0.0	2350
Sspon.008A0000724	Sspon.08G0000480-2B	98.899	1272	11	1	1	1272	1	1269	0.0	2268
Sspon.008A0000724	Sspon.08G0000480-3C	98.585	1272	15	1	1	1272	1	1269	0.0	2246
Sspon.008A0000724	Sspon.08G0000480-4D	98.649	1184	9	3	89	1272	3	1179	0.0	2091
Sspon.008A0000725	Sspon.08G0000490-1A	100.000	1557	0	0	1	1557	1	1557	0.0	2876
Sspon.008A0000725	Sspon.08G0000490-4D	98.651	1557	12	4	1	1557	1	1548	0.0	2750
Sspon.008A0000725	Sspon.08G0000490-3C	98.523	1557	14	3	1	1557	1	1548	0.0	2739
Sspon.008A0000726	Sspon.08G0000500-1A	100.000	2043	0	0	1	2043	1	2043	0.0	3773
