Sspon.08G0000200-2P	Sspon.008A0000201	99.206	2016	1	2	1	2007	1	2010	0.0	3620
Sspon.08G0000200-2P	Sspon.008A0000312	98.619	2028	1	3	1	2007	1	2022	0.0	3565
Sspon.08G0002050-2P	Sspon.008A0000050	99.808	2085	4	0	1	2085	1	2085	0.0	3829
Sspon.08G0000210-2P	Sspon.008A0000200	98.403	501	2	1	1	495	13	513	0.0	876
Sspon.08G0000210-2P	Sspon.008A0000313	97.239	507	2	1	1	495	13	519	0.0	848
Sspon.08G0000010-1A	Sspon.008A0000030	100.000	600	0	0	1	600	1	600	0.0	1109
Sspon.08G0002050-1A	Sspon.008A0000050	100.000	2094	0	0	1	2094	1	2094	0.0	3868
Sspon.08G0000020-1A	Sspon.008A0000110	100.000	900	0	0	1	900	1135	2034	0.0	1663
Sspon.08G0000020-1A	Sspon.008A0000080	100.000	900	0	0	1	900	1	900	0.0	1663
Sspon.08G0000030-1A	Sspon.008A0000081	100.000	1227	0	0	1	1227	1	1227	0.0	2266
Sspon.08G0000040-1A	Sspon.008A0000082	100.000	3483	0	0	1	3483	1	3483	0.0	6433
Sspon.08G0000050-1A	Sspon.008A0000110	100.000	2034	0	0	1	2034	1	2034	0.0	3757
Sspon.08G0000060-1A	Sspon.008A0000130	100.000	2391	0	0	1	2391	1	2391	0.0	4416
Sspon.08G0000070-1A	Sspon.008A0000131	100.000	1986	0	0	1	1986	1	1986	0.0	3668
Sspon.08G0000080-1A	Sspon.008A0000140	100.000	246	0	0	1	246	1	246	2.45e-127	455
Sspon.08G0000090-1A	Sspon.008A0000161	100.000	1044	0	0	1	1044	1	1044	0.0	1929
Sspon.08G0000100-1A	Sspon.008A0000162	100.000	303	0	0	1	303	1	303	6.34e-159	560
Sspon.08G0000100-1A	Sspon.008A0000165	99.660	294	0	1	1	293	1	294	1.07e-151	536
Sspon.08G0000110-1A	Sspon.008A0000163	100.000	1578	0	0	1	1578	1	1578	0.0	2915
Sspon.08G0000110-1A	Sspon.008A0000166	99.937	1578	1	0	1	1578	100	1677	0.0	2909
Sspon.08G0000120-1A	Sspon.008A0000164	100.000	393	0	0	1	393	1	393	0.0	726
Sspon.08G0000130-1A	Sspon.008A0000165	100.000	411	0	0	1	411	1	411	0.0	760
Sspon.08G0000110-1T	Sspon.008A0000166	100.000	1677	0	0	1	1677	1	1677	0.0	3097
Sspon.08G0000110-1T	Sspon.008A0000163	99.937	1578	1	0	100	1677	1	1578	0.0	2909
Sspon.08G0000210-1P	Sspon.008A0000200	100.000	513	0	0	1	513	1	513	0.0	948
Sspon.08G0000210-1P	Sspon.008A0000313	96.190	525	2	2	1	513	1	519	0.0	843
Sspon.08G0000200-1P	Sspon.008A0000201	100.000	2010	0	0	1	2010	1	2010	0.0	3712
Sspon.08G0000200-1P	Sspon.008A0000312	99.407	2022	0	2	1	2010	1	2022	0.0	3657
Sspon.08G0000140-1A	Sspon.008A0000202	100.000	849	0	0	1	849	1	849	0.0	1568
Sspon.08G0000140-1A	Sspon.008A0000311	99.764	849	2	0	1	849	1	849	0.0	1557
Sspon.08G0000190-1P	Sspon.008A0000203	100.000	2331	0	0	1	2331	1	2331	0.0	4305
Sspon.08G0000190-1P	Sspon.008A0000310	99.643	2244	8	0	1	2244	328	2571	0.0	4100
Sspon.08G0000190-1P	Sspon.008A0000317	100.000	2104	0	0	1	2104	352	2455	0.0	3886
Sspon.08G0000150-1A	Sspon.008A0000210	100.000	3048	0	0	1	3048	1	3048	0.0	5629
Sspon.08G0000150-1A	Sspon.008A0000205	100.000	3048	0	0	1	3048	1	3048	0.0	5629
Sspon.08G0000150-1A	Sspon.008A0000319	98.917	3048	3	2	1	3048	1	3018	0.0	5419
Sspon.08G0000160-1A	Sspon.008A0000206	100.000	756	0	0	1	756	1	756	0.0	1397
Sspon.08G0000160-1A	Sspon.008A0000290	99.603	756	3	0	1	756	1	756	0.0	1380
Sspon.08G0000160-1A	Sspon.008A0000318	99.081	762	1	1	1	756	1	762	0.0	1363
Sspon.08G0000170-1A	Sspon.008A0000209	100.000	855	0	0	1	855	1	855	0.0	1580
Sspon.08G0000180-1A	Sspon.008A0000210	100.000	3048	0	0	1	3048	1	3048	0.0	5629
Sspon.08G0000180-1A	Sspon.008A0000205	100.000	3048	0	0	1	3048	1	3048	0.0	5629
Sspon.08G0000180-1A	Sspon.008A0000319	98.917	3048	3	2	1	3048	1	3018	0.0	5419
Sspon.08G0000160-1P	Sspon.008A0000290	100.000	756	0	0	1	756	1	756	0.0	1397
Sspon.08G0000160-1P	Sspon.008A0000206	99.603	756	3	0	1	756	1	756	0.0	1380
Sspon.08G0000160-1P	Sspon.008A0000318	99.081	762	1	1	1	756	1	762	0.0	1363
Sspon.08G0000190-1A	Sspon.008A0000310	100.000	2820	0	0	1	2820	1	2820	0.0	5208
Sspon.08G0000140-2P	Sspon.008A0000311	100.000	849	0	0	1	849	1	849	0.0	1568
Sspon.08G0000140-2P	Sspon.008A0000202	99.764	849	2	0	1	849	1	849	0.0	1557
Sspon.08G0000200-1A	Sspon.008A0000312	100.000	2022	0	0	1	2022	1	2022	0.0	3735
Sspon.08G0000200-1A	Sspon.008A0000201	99.407	2022	0	2	1	2022	1	2010	0.0	3657
Sspon.08G0000210-1A	Sspon.008A0000313	100.000	519	0	0	1	519	1	519	0.0	959
Sspon.08G0000210-1A	Sspon.008A0000200	96.190	525	2	2	1	519	1	513	0.0	843
Sspon.08G0000220-1A	Sspon.008A0000314	100.000	5457	0	0	1	5457	1	5457	0.0	10078
Sspon.08G0000190-1T	Sspon.008A0000317	100.000	2628	0	0	1	2628	1	2628	0.0	4854
Sspon.08G0000190-1T	Sspon.008A0000310	98.574	2455	11	3	1	2455	1	2431	0.0	4318
Sspon.08G0000160-2P	Sspon.008A0000318	100.000	762	0	0	1	762	1	762	0.0	1408
Sspon.08G0000160-2P	Sspon.008A0000290	99.081	762	1	1	1	762	1	756	0.0	1363
Sspon.08G0000160-2P	Sspon.008A0000206	99.081	762	1	1	1	762	1	756	0.0	1363
Sspon.08G0000220-1P	Sspon.008A0000400	100.000	2997	0	0	1	2997	1	2997	0.0	5535
Sspon.08G0000230-1A	Sspon.008A0000403	100.000	306	0	0	1	306	1	306	1.38e-160	566
Sspon.08G0000240-1P	Sspon.008A0000530	100.000	534	0	0	1	534	1	534	0.0	987
Sspon.08G0000240-1P	Sspon.008A0000430	100.000	534	0	0	1	534	1	534	0.0	987
Sspon.08G0000240-1P	Sspon.008A0000433	98.008	502	9	1	33	534	22	522	0.0	870
Sspon.08G0000350-2P	Sspon.008A0000431	100.000	1833	0	0	1	1833	1	1833	0.0	3386
Sspon.08G0000350-2P	Sspon.008A0000532	98.706	1854	3	2	1	1833	1	1854	0.0	3271
Sspon.08G0000350-2P	Sspon.008A0000582	98.434	1852	8	2	1	1831	1	1852	0.0	3240
Sspon.08G0000250-1P	Sspon.008A0000432	100.000	1110	0	0	1	1110	1	1110	0.0	2050
Sspon.08G0000250-1P	Sspon.008A0000531	99.506	1012	5	0	1	1012	1	1012	0.0	1842
Sspon.08G0000260-1A	Sspon.008A0000433	100.000	1674	0	0	1	1674	1	1674	0.0	3092
Sspon.08G0000260-1A	Sspon.008A0000530	99.159	1546	12	1	22	1566	33	1578	0.0	2782
Sspon.08G0000270-1A	Sspon.008A0000434	100.000	1800	0	0	1	1800	1	1800	0.0	3325
Sspon.08G0000280-1A	Sspon.008A0000460	100.000	1074	0	0	1	1074	1	1074	0.0	1984
Sspon.08G0000280-1A	Sspon.008A0000540	98.510	1074	16	0	1	1074	1	1074	0.0	1895
Sspon.08G0000290-1A	Sspon.008A0000461	100.000	1998	0	0	1	1998	1	1998	0.0	3690
Sspon.08G0000300-1A	Sspon.008A0000480	100.000	321	0	0	1	321	1	321	6.66e-169	593
Sspon.08G0000310-1A	Sspon.008A0000481	100.000	2472	0	0	1	2472	1	2472	0.0	4566
Sspon.08G0000320-1A	Sspon.008A0000500	100.000	393	0	0	1	393	1	393	0.0	726
Sspon.08G0000330-1A	Sspon.008A0000510	100.000	1266	0	0	1	1266	1	1266	0.0	2338
Sspon.08G0000330-1A	Sspon.008A0000561	99.760	1248	3	0	1	1248	1	1248	0.0	2289
Sspon.08G0000340-1A	Sspon.008A0000511	100.000	390	0	0	1	390	1	390	0.0	721
Sspon.08G0000240-1A	Sspon.008A0000530	100.000	1689	0	0	1	1689	1	1689	0.0	3120
Sspon.08G0000240-1A	Sspon.008A0000433	99.159	1546	12	1	33	1578	22	1566	0.0	2782
Sspon.08G0000250-1A	Sspon.008A0000531	100.000	1143	0	0	1	1143	1	1143	0.0	2111
Sspon.08G0000350-1A	Sspon.008A0000532	100.000	1854	0	0	1	1854	1	1854	0.0	3424
Sspon.08G0000350-1A	Sspon.008A0000582	99.730	1852	5	0	1	1852	1	1852	0.0	3393
Sspon.08G0000350-1A	Sspon.008A0000431	98.706	1854	3	2	1	1854	1	1833	0.0	3271
Sspon.08G0000270-1P	Sspon.008A0000533	100.000	2127	0	0	1	2127	1	2127	0.0	3928
Sspon.08G0000280-2P	Sspon.008A0000540	100.000	1074	0	0	1	1074	1	1074	0.0	1984
Sspon.08G0000280-2P	Sspon.008A0000460	98.510	1074	16	0	1	1074	1	1074	0.0	1895
Sspon.08G0000290-1P	Sspon.008A0000541	100.000	1524	0	0	1	1524	1	1524	0.0	2815
Sspon.08G0000310-1P	Sspon.008A0000560	100.000	2706	0	0	1	2706	1	2706	0.0	4998
Sspon.08G0000330-1P	Sspon.008A0000561	100.000	1248	0	0	1	1248	1	1248	0.0	2305
Sspon.08G0000330-1P	Sspon.008A0000510	99.760	1248	3	0	1	1248	1	1248	0.0	2289
Sspon.08G0000360-1A	Sspon.008A0000563	100.000	828	0	0	1	828	1	828	0.0	1530
Sspon.08G0000280-1P	Sspon.008A0000580	100.000	537	0	0	1	537	1	537	0.0	992
Sspon.08G0000280-1P	Sspon.008A0000460	99.185	491	4	0	1	491	1	491	0.0	885
Sspon.08G0000280-1P	Sspon.008A0000540	98.982	491	5	0	1	491	1	491	0.0	880
Sspon.08G0000270-2P	Sspon.008A0000581	100.000	2016	0	0	1	2016	1	2016	0.0	3723
Sspon.08G0000350-1P	Sspon.008A0000582	100.000	1854	0	0	1	1854	1	1854	0.0	3424
Sspon.08G0000350-1P	Sspon.008A0000532	99.730	1852	5	0	1	1852	1	1852	0.0	3393
Sspon.08G0000350-1P	Sspon.008A0000431	98.434	1852	8	2	1	1852	1	1831	0.0	3240
Sspon.08G0000250-2P	Sspon.008A0000583	100.000	480	0	0	1	480	1	480	0.0	887
Sspon.08G0000340-2P	Sspon.008A0000600	100.000	1209	0	0	1	1209	1	1209	0.0	2233
Sspon.08G0000370-1A	Sspon.008A0000601	100.000	3564	0	0	1	3564	1	3564	0.0	6582
Sspon.08G0000380-1A	Sspon.008A0000602	100.000	3102	0	0	1	3102	1	3102	0.0	5729
Sspon.08G0000390-1P	Sspon.008A0000660	100.000	186	0	0	1	186	1	186	4.06e-94	344
Sspon.08G0000390-1P	Sspon.008A0000722	100.000	182	0	0	1	182	1522	1703	6.79e-92	337
Sspon.08G0000400-1A	Sspon.008A0000661	100.000	1200	0	0	1	1200	1	1200	0.0	2217
Sspon.08G0000410-1P	Sspon.008A0000662	100.000	3354	0	0	1	3354	1	3354	0.0	6194
Sspon.08G0000420-1A	Sspon.008A0000663	100.000	717	0	0	1	717	1	717	0.0	1325
Sspon.08G0000430-1A	Sspon.008A0000690	100.000	1716	0	0	1	1716	1	1716	0.0	3169
Sspon.08G0000440-1A	Sspon.008A0000700	100.000	981	0	0	1	981	1	981	0.0	1812
Sspon.08G0000450-1P	Sspon.008A0000710	100.000	768	0	0	1	768	1	768	0.0	1419
Sspon.08G0000460-1A	Sspon.008A0000720	100.000	1098	0	0	1	1098	1	1098	0.0	2028
Sspon.08G0000470-1A	Sspon.008A0000721	100.000	441	0	0	1	441	1	441	0.0	815
Sspon.08G0000390-1A	Sspon.008A0000722	100.000	2583	0	0	1	2583	1	2583	0.0	4771
Sspon.08G0000480-1A	Sspon.008A0000724	100.000	1272	0	0	1	1272	1	1272	0.0	2350
Sspon.08G0000490-1A	Sspon.008A0000725	100.000	1557	0	0	1	1557	1	1557	0.0	2876
Sspon.08G0000500-1A	Sspon.008A0000726	100.000	2043	0	0	1	2043	1	2043	0.0	3773
Sspon.08G0000340-1P	Sspon.008A0000600	97.064	1192	7	3	1	1191	1	1165	0.0	1982
Sspon.08G0000370-2P	Sspon.008A0000601	98.362	1526	16	1	14	1539	323	1839	0.0	2671
Sspon.08G0000400-1P	Sspon.008A0000661	99.417	1200	7	0	1	1200	1	1200	0.0	2178
Sspon.08G0000440-1P	Sspon.008A0000700	98.879	981	11	0	1	981	1	981	0.0	1751
Sspon.08G0000430-1P	Sspon.008A0000690	98.754	1686	21	0	1	1686	31	1716	0.0	2998
Sspon.08G0000410-2P	Sspon.008A0000662	99.584	3123	13	0	1	3123	232	3354	0.0	5696
Sspon.08G0000440-2B	Sspon.008A0000700	98.962	963	7	1	1	963	1	960	0.0	1720
Sspon.08G0000430-2P	Sspon.008A0000690	99.407	1686	7	2	1	1683	31	1716	0.0	3055
Sspon.08G0000400-2B	Sspon.008A0000661	99.750	1200	3	0	1	1200	1	1200	0.0	2200
Sspon.08G0000430-2B	Sspon.008A0000690	99.526	1686	8	0	1	1686	31	1716	0.0	3070
Sspon.08G0000460-2B	Sspon.008A0000720	97.939	1116	5	2	1	1116	1	1098	0.0	1917
Sspon.08G0000480-2B	Sspon.008A0000724	98.899	1272	11	1	1	1269	1	1272	0.0	2268
Sspon.08G0000110-2B	Sspon.008A0000166	99.880	1669	2	0	1	1669	1	1669	0.0	3072
Sspon.08G0000110-2B	Sspon.008A0000163	99.809	1570	3	0	100	1669	1	1570	0.0	2883
Sspon.08G0000090-2B	Sspon.008A0000161	97.217	1042	7	5	1	1029	1	1033	0.0	1744
Sspon.08G0000050-2B	Sspon.008A0000110	99.164	2034	17	0	1	2034	1	2034	0.0	3663
Sspon.08G0000140-2C	Sspon.008A0000202	99.181	855	1	1	1	855	1	849	0.0	1535
Sspon.08G0000140-2C	Sspon.008A0000311	99.064	855	2	2	1	855	1	849	0.0	1530
Sspon.08G0000200-2C	Sspon.008A0000312	99.357	2022	1	1	1	2010	1	2022	0.0	3651
Sspon.08G0000200-2C	Sspon.008A0000201	98.764	2022	1	3	1	2010	1	2010	0.0	3574
Sspon.08G0000210-2C	Sspon.008A0000313	99.615	519	1	1	1	518	1	519	0.0	946
Sspon.08G0000210-2C	Sspon.008A0000200	96.000	525	2	3	1	518	1	513	0.0	835
Sspon.08G0024630-1C	Sspon.008A0000204	100.000	1584	0	0	1	1584	685	2268	0.0	2926
Sspon.08G0000280-3P	Sspon.008A0000580	99.628	537	2	0	1	537	1	537	0.0	981
Sspon.08G0000280-3P	Sspon.008A0000460	99.593	491	2	0	1	491	1	491	0.0	896
Sspon.08G0000280-3P	Sspon.008A0000540	99.389	491	3	0	1	491	1	491	0.0	891
Sspon.08G0000400-3C	Sspon.008A0000661	97.500	1200	3	10	1	1173	1	1200	0.0	2025
Sspon.08G0000410-3C	Sspon.008A0000662	98.753	3369	24	3	103	3468	1	3354	0.0	5973
Sspon.08G0000430-3C	Sspon.008A0000690	99.170	1686	14	0	1	1686	31	1716	0.0	3037
Sspon.08G0000440-3C	Sspon.008A0000700	97.598	999	6	2	1	999	1	981	0.0	1696
Sspon.08G0000260-2C	Sspon.008A0000433	99.631	1628	6	0	1	1628	1	1628	0.0	2974
Sspon.08G0000260-2C	Sspon.008A0000530	99.094	1546	13	1	22	1566	33	1578	0.0	2776
Sspon.08G0000480-3C	Sspon.008A0000724	98.585	1272	15	1	1	1269	1	1272	0.0	2246
Sspon.08G0000490-3C	Sspon.008A0000725	98.523	1557	14	3	1	1548	1	1557	0.0	2739
Sspon.08G0000110-3C	Sspon.008A0000166	100.000	1581	0	0	1	1581	1	1581	0.0	2920
Sspon.08G0000110-3C	Sspon.008A0000163	100.000	1482	0	0	100	1581	1	1482	0.0	2737
Sspon.08G0000090-3C	Sspon.008A0000161	97.110	1038	9	3	1	1029	1	1026	0.0	1731
Sspon.08G0000050-3C	Sspon.008A0000110	99.115	2034	18	0	1	2034	1	2034	0.0	3657
Sspon.08G0000050-1P	Sspon.008A0000110	98.963	1446	15	0	1	1446	1	1446	0.0	2588
Sspon.08G0000280-2C	Sspon.008A0000580	99.628	537	2	0	1	537	1	537	0.0	981
Sspon.08G0000280-2C	Sspon.008A0000460	99.593	491	2	0	1	491	1	491	0.0	896
Sspon.08G0000280-2C	Sspon.008A0000540	99.389	491	3	0	1	491	1	491	0.0	891
Sspon.08G0000330-2C	Sspon.008A0000510	99.289	1266	9	0	1	1266	1	1266	0.0	2289
Sspon.08G0000330-2C	Sspon.008A0000561	99.199	1248	10	0	1	1248	1	1248	0.0	2250
Sspon.08G0000490-4D	Sspon.008A0000725	98.651	1557	12	4	1	1548	1	1557	0.0	2750
Sspon.08G0000480-4D	Sspon.008A0000724	98.649	1184	9	3	3	1179	89	1272	0.0	2091
Sspon.08G0002050-2D	Sspon.008A0000050	99.856	2088	3	0	1	2088	1	2088	0.0	3840
Sspon.08G0000090-4D	Sspon.008A0000161	99.045	1047	7	1	1	1047	1	1044	0.0	1875
